101012345678912345678912345678912345678900100001
101012345678912345678912345678912345678900100002
101012345678912345678912345678912345678900100003
102012345678912345678912345678912345678900100004
102012345678912345678912345678912345678900100005
102012345678912345678912345678912345678900100006
103012345678912345678912345678912345678900100007
103012345678912345678912345678912345678900100008
103012345678912345678912345678912345678900100009
104012345678912345678912345678912345678900100010
104012345678912345678912345678912345678900100011
104012345678912345678912345678912345678900100012
105012345678912345678912345678912345678900100013
105012345678912345678912345678912345678900100014
105012345678912345678912345678912345678900100015
106012345678912345678912345678912345678900100016
106012345678912345678912345678912345678900100017
106012345678912345678912345678912345678900100018

101012345678912345678912345678912345678900600001
101012345678912345678912345678912345678900600002
101012345678912345678912345678912345678900600003
102012345678912345678912345678912345678900600004
102012345678912345678912345678912345678900600005
102012345678912345678912345678912345678900600006
103012345678912345678912345678912345678900600007
103012345678912345678912345678912345678900600008
103012345678912345678912345678912345678900600009
104012345678912345678912345678912345678900600010
104012345678912345678912345678912345678900600011
104012345678912345678912345678912345678900600012
105012345678912345678912345678912345678900600013
105012345678912345678912345678912345678900600014
105012345678912345678912345678912345678900600015
106012345678912345678912345678912345678900600016
106012345678912345678912345678912345678900600017
106012345678912345678912345678912345678900600018