001012345678912345678912345678912345678900100001
001012345678912345678912345678912345678900100002
001012345678912345678912345678912345678900100003
002012345678912345678912345678912345678900100004
002012345678912345678912345678912345678900100005
002012345678912345678912345678912345678900100006
003012345678912345678912345678912345678900100007
003012345678912345678912345678912345678900100008
003012345678912345678912345678912345678900100009
004012345678912345678912345678912345678900100010
004012345678912345678912345678912345678900100011
004012345678912345678912345678912345678900100012
005012345678912345678912345678912345678900100013
005012345678912345678912345678912345678900100014
005012345678912345678912345678912345678900100015
006012345678912345678912345678912345678900100016
006012345678912345678912345678912345678900100017
006012345678912345678912345678912345678900100018

001012345678912345678912345678912345678900600001
001012345678912345678912345678912345678900600002
001012345678912345678912345678912345678900600003
002012345678912345678912345678912345678900600004
002012345678912345678912345678912345678900600005
002012345678912345678912345678912345678900600006
003012345678912345678912345678912345678900600007
003012345678912345678912345678912345678900600008
003012345678912345678912345678912345678900600009
004012345678912345678912345678912345678900600010
004012345678912345678912345678912345678900600011
004012345678912345678912345678912345678900600012
005012345678912345678912345678912345678900600013
005012345678912345678912345678912345678900600014
005012345678912345678912345678912345678900600015
006012345678912345678912345678912345678900600016
006012345678912345678912345678912345678900600017
006012345678912345678912345678912345678900600018